autocommit: 2025-11-15T00:37:54.158395
autocommit: 2025-11-15T00:37:54.357458
autocommit: 2025-11-15T00:38:07.320592
